NodeId  AwarenessDistance  WasInformed  AwarenessTime  SafelyInformed
2  49  1  84  0
4  84  1  84  0
5  91  1  98  0
7  123  1  98  1
8  139  1  98  1
10  189  1  98  1
11  205  1  98  1
13  238  1  98  1
14  254  1  98  1
16  350  1  98  1
17  366  1  98  1
19  400  1  98  1
20  416  1  98  1
22  467  1  98  1
23  483  1  103  1
25  81  1  145  0
26  97  1  145  0
28  129  1  145  1
29  145  1  145  1
31  177  1  145  1
32  193  1  145  1
34  225  1  145  1
35  241  1  145  1
37  293  1  145  1
38  311  1  145  1
40  72  1  174  0
41  89  1  174  0
43  123  1  174  1
44  140  1  174  1
46  178  1  174  1
47  139  1  186  1
49  146  1  194  1
50  172  1  194  1
52  204  1  194  1
53  221  1  194  1
55  253  1  194  1
56  303  1  194  1
58  337  1  194  1
59  354  1  194  1
61  388  1  194  1
62  409  1  194  1
64  0  0  0  0
65  0  0  0  0
67  0  0  0  0
68  0  0  0  0
70  0  0  0  0
71  0  0  0  0
73  0  0  0  0
74  0  0  0  0
76  0  0  0  0
77  0  0  0  0
79  0  0  0  0
80  0  0  0  0
82  0  0  0  0
83  0  0  0  0
85  0  0  0  0
86  0  0  0  0
88  0  0  0  0
89  0  0  0  0
91  0  0  0  0
92  0  0  0  0
94  0  0  0  0
95  0  0  0  0
97  0  0  0  0
98  0  0  0  0
100  0  0  0  0
101  0  0  0  0
103  0  0  0  0
104  0  0  0  0
106  0  0  0  0
107  0  0  0  0
109  0  0  0  0
