NodeId  AwarenessDistance  WasInformed  AwarenessTime  SafelyInformed
2  -941  0  180  0
4  -946  0  180  0
5  34  1  103  0
7  65  1  103  0
8  82  1  103  0
10  129  1  103  1
11  146  1  103  1
13  179  1  103  1
14  195  1  103  1
16  142  1  115  1
17  159  1  115  1
19  192  1  115  1
20  209  1  115  1
22  243  1  115  1
23  310  1  117  1
25  391  1  118  1
26  407  1  118  1
28  439  1  118  1
29  455  1  118  1
31  487  1  118  1
32  504  1  118  1
34  567  1  118  1
35  591  1  118  1
37  658  1  118  1
38  677  1  118  1
40  72  1  174  0
41  89  1  174  0
43  123  1  174  1
44  140  1  174  1
46  178  1  174  1
47  139  1  186  1
49  123  1  196  1
50  148  1  196  1
52  180  1  196  1
53  197  1  196  1
55  229  1  196  1
56  278  1  196  1
58  312  1  196  1
59  329  1  196  1
61  363  1  196  1
62  382  1  196  1
64  0  0  0  0
65  0  0  0  0
67  0  0  0  0
68  0  0  0  0
70  0  0  0  0
71  0  0  0  0
73  0  0  0  0
74  0  0  0  0
76  0  0  0  0
77  0  0  0  0
79  0  0  0  0
80  0  0  0  0
82  0  0  0  0
83  0  0  0  0
85  0  0  0  0
86  0  0  0  0
88  0  0  0  0
89  0  0  0  0
91  0  0  0  0
92  0  0  0  0
94  0  0  0  0
95  0  0  0  0
97  0  0  0  0
98  0  0  0  0
100  0  0  0  0
101  0  0  0  0
103  0  0  0  0
104  0  0  0  0
106  0  0  0  0
107  0  0  0  0
109  0  0  0  0
110  0  0  0  0
112  0  0  0  0
113  0  0  0  0
115  0  0  0  0
116  0  0  0  0
118  0  0  0  0
119  0  0  0  0
121  0  0  0  0
122  0  0  0  0
124  0  0  0  0
125  0  0  0  0
127  0  0  0  0
128  0  0  0  0
130  0  0  0  0
131  0  0  0  0
133  0  0  0  0
134  0  0  0  0
136  0  0  0  0
137  0  0  0  0
139  0  0  0  0
140  0  0  0  0
142  0  0  0  0
143  0  0  0  0
145  0  0  0  0
146  0  0  0  0
148  0  0  0  0
149  0  0  0  0
151  0  0  0  0
152  0  0  0  0
154  0  0  0  0
155  0  0  0  0
157  0  0  0  0
158  0  0  0  0
160  0  0  0  0
161  0  0  0  0
163  0  0  0  0
164  0  0  0  0
